// Auto-generated weight arrays
pub const IO_DIM = 8;
pub const HIDDEN_DIM = 16;

pub const W1: [HIDDEN_DIM][IO_DIM]f32 = .{
        .{ -0.461260, -0.076016, 0.473053, -0.159778, 0.182965, -0.387050, 0.265538, -0.084498 },
        .{ 0.284621, -0.253833, -0.314575, 0.288900, 0.020387, -0.358272, -0.103796, -0.056792 },
        .{ 0.017851, -0.297421, -0.224164, -0.573398, 0.054902, 0.033418, 0.154826, -0.122559 },
        .{ 0.307175, 0.098598, 0.291232, -0.194827, -0.037795, -0.383461, 0.070813, -0.081690 },
        .{ -0.423816, -0.103524, -0.263749, 0.215036, -0.235858, -0.155856, 0.215451, -0.470377 },
        .{ 0.101960, 0.693584, 0.135028, 0.090790, 0.066736, 0.014385, -0.243880, -0.299211 },
        .{ 0.105389, -0.046554, 0.167160, -0.421712, -0.611366, -0.011972, -0.255719, -0.158351 },
        .{ 0.141890, 0.081649, 0.165436, 0.279963, -0.354078, 0.096852, 0.493688, -0.099574 },
        .{ 0.051191, 0.280020, -0.016137, -0.027403, -0.031664, -0.027657, 0.524928, 0.461668 },
        .{ 0.195598, 0.096515, -0.334402, -0.208892, 0.146603, 0.189906, 0.172646, -0.017727 },
        .{ 0.133558, 0.077963, -0.207536, 0.006025, -0.326622, 0.089213, 0.301617, -0.172207 },
        .{ 0.257063, -0.210073, 0.356086, 0.055065, 0.230405, 0.453874, 0.146756, -0.479575 },
        .{ 0.043363, 0.043127, -0.081132, -0.143853, 0.431974, 0.066511, 0.194853, -0.174623 },
        .{ 0.166597, -0.347768, 0.170880, 0.376681, 0.051632, -0.047897, -0.050876, 0.035779 },
        .{ -0.262042, -0.163236, 0.196410, 0.039540, -0.170503, 0.506072, -0.071896, 0.294660 },
        .{ -0.408902, 0.208845, -0.206828, 0.044263, 0.042907, 0.161356, -0.105463, -0.174564 },
    };

pub const W2: [HIDDEN_DIM][HIDDEN_DIM]f32 = .{
        .{ -0.168531, -0.246579, -0.407542, -0.249323, -0.493212, 0.016670, -0.241467, 0.161934, -0.193753, -0.125969, 0.107767, 0.052658, -0.335040, 0.086103, -0.355289, 0.201960 },
        .{ 0.433797, 0.019942, 0.138444, 0.047151, -0.359114, 0.292394, 0.336263, 0.386968, 0.170665, -0.309902, 0.154607, -0.112644, -0.063737, 0.064035, 0.301069, 0.228462 },
        .{ 0.033448, 0.301277, -0.289271, 0.530681, -0.195952, -0.320029, 0.196581, -0.092617, 0.386298, -0.180615, 0.101563, 0.045247, -0.062533, -0.021144, -0.347089, -0.189045 },
        .{ 0.296779, -0.487827, 0.005175, -0.213426, -0.147601, -0.618808, 0.196613, 0.051773, -0.036717, -0.024434, -0.083534, 0.169078, 0.078101, -0.162496, 0.153497, -0.297906 },
        .{ -0.207369, 0.150509, 0.284463, 0.058222, 0.082807, -0.278436, -0.097656, 0.586695, -0.172796, 0.037856, 0.379479, -0.202528, 0.105471, -0.389559, -0.178337, 0.030121 },
        .{ -0.258551, -0.119041, -0.082672, -0.001496, 0.005339, -0.015690, 0.383409, -0.365430, -0.388533, -0.369286, 0.410527, -0.259935, 0.298737, 0.128351, 0.046495, 0.004276 },
        .{ 0.415199, -0.018363, 0.017628, -0.293710, 0.221877, 0.146775, -0.126410, 0.070645, 0.071209, -0.164151, 0.027443, -0.402587, 0.094084, 0.223136, -0.479339, -0.407063 },
        .{ 0.017407, 0.196094, 0.098111, -0.290719, -0.456287, -0.156392, -0.032723, -0.179449, 0.258267, 0.427834, 0.084097, -0.178222, 0.486755, 0.133636, -0.076938, 0.227782 },
        .{ -0.069724, 0.259511, -0.081374, -0.032197, -0.296100, 0.320129, 0.214186, 0.195616, -0.358341, 0.016494, -0.318836, 0.302874, 0.357459, -0.162264, -0.123473, -0.392955 },
        .{ 0.240074, 0.175133, 0.038097, -0.174646, -0.123067, 0.191528, -0.253858, -0.367022, 0.017769, -0.010417, 0.527789, 0.246475, -0.147803, -0.445232, 0.116978, -0.235090 },
        .{ -0.326013, -0.087944, 0.107318, -0.276150, -0.028746, 0.088321, 0.013493, -0.114139, 0.431134, -0.463006, -0.322047, -0.140323, 0.085451, -0.483141, -0.070061, 0.084126 },
        .{ 0.187770, -0.356283, -0.463667, 0.162627, 0.188477, 0.271584, 0.203587, 0.030628, 0.067004, 0.365689, 0.071779, -0.146651, 0.195298, -0.427506, -0.137647, 0.199942 },
        .{ 0.250550, 0.524750, -0.434967, -0.338845, 0.256888, -0.279444, 0.048962, 0.027311, -0.187999, -0.169930, -0.138663, -0.013818, 0.002322, -0.111519, 0.130171, 0.312413 },
        .{ 0.175783, -0.084057, 0.307045, -0.045263, 0.198920, 0.004362, 0.150157, -0.068035, -0.012669, -0.142218, 0.091210, 0.584222, 0.157273, 0.063364, -0.484938, 0.406214 },
        .{ -0.223141, -0.074039, -0.338887, -0.140715, 0.207682, 0.062341, -0.171326, 0.317789, 0.375096, -0.127783, 0.295566, 0.337017, 0.363499, 0.255218, 0.237440, -0.145294 },
        .{ 0.253320, -0.117666, -0.021301, 0.404175, -0.124182, -0.048927, -0.609495, -0.067314, -0.186756, -0.305233, -0.151122, -0.052101, 0.419032, -0.058480, 0.090398, 0.153509 },
    };

pub const W3: [IO_DIM][HIDDEN_DIM]f32 = .{
        .{ 0.135660, -0.129701, 0.457825, -0.230121, 0.142190, -0.015570, -0.163993, 0.141472, 0.504801, -0.003388, -0.191551, -0.234319, -0.451661, -0.078872, 0.153742, -0.233578 },
        .{ 0.245822, 0.208499, -0.048067, -0.422221, -0.047722, -0.081087, 0.039881, 0.008951, 0.041847, 0.109790, 0.323366, 0.703762, -0.270819, -0.102072, 0.081099, 0.031717 },
        .{ 0.107329, 0.492734, 0.188038, 0.371303, -0.448080, -0.108712, -0.010212, -0.403071, 0.258313, -0.056823, -0.184066, 0.030490, -0.115091, 0.045226, 0.116446, 0.252370 },
        .{ 0.391263, -0.126172, -0.026665, -0.370723, -0.079544, -0.126308, 0.153475, -0.212901, -0.044809, -0.114142, -0.134952, -0.182433, 0.459547, -0.195986, 0.531090, 0.059202 },
        .{ 0.052476, -0.345834, -0.124701, -0.042098, -0.310042, -0.269418, 0.085777, 0.430353, 0.218189, 0.148595, 0.018576, -0.077558, -0.063774, 0.190370, -0.034243, 0.617674 },
        .{ 0.172571, -0.013856, -0.544123, 0.266936, -0.051217, -0.003304, -0.591133, 0.114152, 0.038494, 0.091251, 0.076377, -0.044321, -0.135511, 0.024568, 0.410246, -0.180901 },
        .{ -0.217188, 0.099033, 0.152892, 0.229517, 0.428422, -0.476828, 0.215906, 0.116683, -0.269143, 0.062725, -0.101867, 0.111052, -0.162871, 0.171033, 0.485782, 0.070586 },
        .{ 0.138292, 0.104979, 0.221430, 0.232283, -0.168070, -0.136765, -0.002008, 0.323576, -0.298231, -0.058626, 0.300737, -0.199736, -0.091528, -0.694100, -0.040873, 0.025917 },
    };

pub const b1: [HIDDEN_DIM]f32 = .{ -8.461957, 2.831172, -3.384689, -0.649678, -2.987692, 5.278724, -1.474214, -0.156390, 1.455424, 2.833025, 1.457365, -2.500230, -0.388569, -0.645930, -2.077578, 0.496096 };

pub const b2: [HIDDEN_DIM]f32 = .{ 0.318961, -0.072840, 0.110320, 0.212173, 0.081106, 0.158350, 0.160363, 0.044075, 0.116900, 0.120329, 0.250173, 0.058737, 0.112182, -0.030137, -0.023046, 0.142214 };

pub const b3: [IO_DIM]f32 = .{ 0.000000, 0.000000, 0.000000, 0.000000, 0.000000, 0.000000, 0.000000, 0.000000 };

pub const encrypted_flag: [36]u8 = .{
        0x61, 0x69, 0x6c, 0x67, 0x61, 0x62, 0x77, 0x64, 0x7d, 0x41, 0x35, 0x32, 0x44, 0x35, 0x5c, 0x45,
        0x56, 0x52, 0x5a, 0x57, 0x30, 0x55, 0x37, 0x4e, 0x59, 0x48, 0x36, 0x56, 0x52, 0x4e, 0x5c, 0x51,
        0x4a, 0x49, 0x55, 0x7e,
    };

pub const flag_length: usize = 36;
