// Auto-generated weight arrays
pub const IO_DIM = 8;
pub const HIDDEN_DIM = 16;

pub const W1: [HIDDEN_DIM][IO_DIM]f32 = .{
        .{ -0.192269, 0.221339, -0.295162, 0.186294, 0.021906, 0.097740, -0.049273, 0.555860 },
        .{ 0.047047, -0.012985, 0.162033, -0.163663, -0.412859, 0.196895, 0.056989, 0.085024 },
        .{ 0.023499, -0.407215, -0.314045, 0.101411, -0.045704, -0.134082, 0.035816, -0.200300 },
        .{ -0.323413, 0.019425, 0.072413, -0.440070, 0.192490, -0.211161, -0.145880, 0.234929 },
        .{ 0.386719, 0.125156, -0.067856, 0.171679, -0.148027, -0.053306, -0.412093, -0.311893 },
        .{ 0.427910, -0.044237, 0.146615, 0.304509, 0.019290, -0.230580, 0.135592, 0.409290 },
        .{ -0.206334, -0.198942, 0.266693, 0.095818, 0.163523, 0.227602, -0.187961, -0.241862 },
        .{ -0.233728, 0.209086, -0.256455, -0.035955, -0.484024, -0.348419, -0.293345, -0.191718 },
        .{ 0.419212, -0.003258, -0.260017, -0.611370, -0.050358, -0.133464, -0.150717, 0.128417 },
        .{ 0.211990, 0.508583, -0.056923, 0.098345, 0.021646, 0.061166, 0.382821, -0.309410 },
        .{ 0.169702, -0.180743, 0.204835, 0.296111, 0.069038, -0.178877, -0.537318, 0.159434 },
        .{ 0.238686, -0.415334, 0.217145, -0.293878, -0.037101, 0.059953, 0.168088, -0.108094 },
        .{ -0.094654, -0.444372, -0.485898, 0.179560, -0.272962, 0.234153, 0.133621, 0.073918 },
        .{ -0.324779, -0.079793, 0.279216, 0.062676, -0.170371, -0.449464, 0.142596, -0.137135 },
        .{ -0.040181, 0.119278, 0.274910, -0.068389, -0.408979, 0.534506, -0.245265, 0.112591 },
        .{ 0.057502, -0.042725, 0.264896, 0.059608, -0.476106, -0.245392, 0.278566, 0.205316 },
    };

pub const W2: [HIDDEN_DIM][HIDDEN_DIM]f32 = .{
        .{ -0.345003, 0.054739, 0.013374, -0.107833, -0.025598, -0.018006, -0.100200, 0.182378, 0.226385, 0.546341, 0.245241, -0.045259, 0.062172, 0.111934, -0.420351, -0.465692 },
        .{ -0.198910, -0.186977, -0.253227, 0.078708, 0.059250, -0.133061, -0.445201, -0.142297, -0.418233, 0.179817, 0.212140, -0.246435, 0.236454, -0.309239, 0.376190, -0.097177 },
        .{ 0.283093, 0.136068, 0.017474, 0.214447, -0.105528, -0.213911, -0.197238, -0.128365, 0.089880, 0.142008, 0.594414, 0.262190, -0.220722, -0.213142, -0.225481, 0.384021 },
        .{ 0.093327, -0.366493, 0.058341, -0.060811, -0.275792, -0.013157, 0.247347, 0.487710, 0.249018, 0.013628, 0.366795, -0.269245, 0.269834, 0.084995, 0.278883, 0.218079 },
        .{ 0.109924, -0.252493, -0.162750, -0.382169, -0.284376, -0.406602, -0.429035, -0.045548, 0.131281, -0.151962, -0.087640, 0.251611, -0.144387, 0.402468, 0.102140, -0.121268 },
        .{ 0.089796, 0.351660, -0.435486, -0.500497, 0.227065, -0.308084, 0.296614, -0.151263, 0.029130, 0.018956, 0.084490, -0.147032, 0.316072, -0.007590, -0.096783, 0.177483 },
        .{ -0.027696, -0.190354, -0.617766, -0.103635, -0.104163, 0.562884, -0.129624, 0.129312, -0.086077, -0.083757, 0.029597, -0.085536, -0.229256, 0.023679, -0.305225, 0.201279 },
        .{ 0.030190, 0.274395, 0.303981, -0.391283, -0.288277, 0.155118, 0.050921, 0.084384, -0.585561, 0.289657, 0.075792, -0.037427, -0.209133, 0.213078, 0.120954, 0.153992 },
        .{ -0.430640, 0.137987, 0.209661, -0.391721, -0.027028, -0.021309, -0.188179, 0.308410, 0.098854, -0.386522, 0.027512, 0.134225, -0.054559, -0.522452, -0.047264, 0.101400 },
        .{ -0.340415, -0.435905, -0.054182, -0.088049, 0.135656, -0.266749, 0.369495, -0.136566, 0.021174, 0.323694, -0.136956, 0.042747, -0.480311, -0.142442, 0.075307, 0.237091 },
        .{ 0.312322, -0.205926, 0.078530, -0.151714, -0.542262, -0.005556, 0.105422, -0.261082, 0.001741, 0.120224, -0.263893, -0.122994, 0.163393, -0.485881, -0.270954, -0.148634 },
        .{ -0.097405, 0.245159, 0.065989, -0.106263, -0.137532, 0.221538, -0.121151, -0.430696, 0.483529, -0.010246, 0.105391, -0.468715, -0.292382, 0.024519, 0.309479, -0.004531 },
        .{ 0.110794, 0.304850, -0.163200, 0.264696, -0.116847, -0.385332, -0.146087, 0.456509, -0.001399, 0.082815, -0.352390, -0.426940, -0.281333, -0.072201, -0.059617, 0.070605 },
        .{ 0.377987, 0.115352, -0.173252, -0.166709, 0.182694, 0.225367, -0.022679, 0.250847, 0.211296, 0.355993, -0.108850, 0.356260, -0.116335, -0.291567, 0.435941, -0.199173 },
        .{ 0.356994, -0.298470, 0.351013, -0.275990, 0.545462, 0.044499, -0.305612, 0.041837, 0.011571, 0.055512, -0.038351, -0.338506, -0.051074, -0.000008, -0.234134, 0.112838 },
        .{ -0.199428, 0.058152, 0.067365, 0.050654, -0.074828, 0.113702, -0.295369, -0.053382, 0.215787, 0.359235, -0.384434, 0.154568, 0.400625, 0.105054, 0.007875, 0.567653 },
    };

pub const W3: [IO_DIM][HIDDEN_DIM]f32 = .{
        .{ 0.253952, -0.013544, 0.173878, -0.238010, -0.158152, 0.063160, 0.181087, -0.160096, 0.346862, 0.132933, -0.094883, 0.347009, -0.471234, 0.403078, 0.248135, 0.217972 },
        .{ 0.155839, 0.260615, -0.006017, -0.031783, 0.027721, 0.030702, 0.303619, 0.071152, -0.292273, 0.272594, -0.006192, 0.187273, 0.622886, 0.406873, 0.236108, -0.060578 },
        .{ -0.263135, -0.027237, 0.139357, -0.173782, -0.003290, 0.029752, 0.287749, 0.324317, -0.149731, 0.360151, -0.447124, 0.187472, -0.167875, -0.078213, -0.503865, -0.127072 },
        .{ -0.030044, 0.265514, -0.116372, 0.149396, -0.208644, 0.240052, 0.216883, 0.559956, -0.112424, -0.096865, 0.068636, -0.157156, -0.346730, -0.115817, 0.448888, -0.210772 },
        .{ 0.223885, 0.013597, 0.067679, -0.299018, -0.011811, -0.257163, 0.124042, -0.248311, -0.269316, 0.265928, 0.491458, 0.037781, -0.226773, -0.237037, -0.021725, -0.467001 },
        .{ -0.272333, 0.370227, -0.202941, -0.147540, -0.035721, 0.376720, -0.415185, 0.022821, 0.033944, 0.070375, 0.351879, 0.106013, -0.100310, 0.383925, -0.312507, -0.115919 },
        .{ 0.043061, -0.093817, -0.079751, -0.326346, 0.176864, -0.026610, 0.143490, 0.355418, -0.150156, 0.045957, 0.421783, -0.052486, -0.007198, -0.104707, -0.090096, 0.687848 },
        .{ -0.474924, 0.038170, 0.333889, 0.121859, -0.039329, -0.113008, 0.352836, -0.135926, -0.170293, -0.533494, 0.248069, 0.315633, -0.030025, 0.108802, -0.040284, 0.015247 },
    };

pub const b1: [HIDDEN_DIM]f32 = .{ 0.929557, -3.158983, 3.866009, -6.525900, 4.119350, 0.067847, -1.429196, 4.691010, -5.073010, 5.697720, -0.976346, -5.089363, 3.728014, 1.042229, -4.348275, -0.718608 };

pub const b2: [HIDDEN_DIM]f32 = .{ 0.002120, 0.004469, 0.000353, -0.000747, 0.004826, 0.002061, 0.003938, 0.001483, 0.004007, 0.003665, 0.005229, 0.002370, 0.003350, -0.000846, 0.001997, -0.000182 };

pub const b3: [IO_DIM]f32 = .{ 0.000000, 0.000000, 0.000000, 0.000000, 0.000000, 0.000000, 0.000000, 0.000000 };

pub const encrypted_flag: [36]u8 = .{
        0x6d, 0xbc, 0x96, 0x9b, 0x13, 0xce, 0xf8, 0x99, 0x71, 0x94, 0xcf, 0xce, 0x36, 0x99, 0xd3, 0xb8,
        0x5a, 0x87, 0xa0, 0xab, 0x42, 0xf9, 0xb8, 0xb3, 0x55, 0x9d, 0xcc, 0xaa, 0x20, 0xe2, 0xd3, 0xac,
        0x46, 0x9c, 0xaf, 0x82,
    };

pub const flag_length: usize = 36;
